### Annual usage of tube stations in million of passengers for 10 years
### ID StationName Y2017 Y2016 Y2015 Y2014 Y2013 Y2012 Y2011 Y2010 Y2009 Y2008
4 actontown 6.040516 6.274649 6.235045 6.059017 5.748994 5.584934 5.462387 5.428316 5.459521 5.816798
7 aldgate 8.84694 8.009494 7.52781 7.221566 6.877712 6.647283 6.235513 6.026534 5.974176 6.243135
9 aldgateeast 13.998292 13.43463 12.839311 12.248009 11.663144 10.134021 9.157483 8.974956 9.047885 8.152761
13 alperton 3.05223 3.174845 3.205455 3.171235 2.956888 2.893236 2.945259 2.942987 3.044399 3.07227
15 amersham 2.321692 2.3607 2.287149 2.439993 2.041139 2.097954 2.09956 2.109415 2.088199 2.171944
19 angel 19.198892 20.100806 19.756365 19.217171 18.930868 18.578717 17.775047 17.821157 18.051985 17.824269
21 archway 9.276684 9.940993 9.794439 8.943726 8.169486 8.059174 8.08181 8.053512 8.048465 8.236818
23 arnosgrove 4.61274 4.645869 4.550587 4.713904 4.479004 4.155802 4.159371 4.096044 4.311751 4.250148
25 arsenal 2.822292 3.012524 2.802635 2.900614 3.091593 3.017544 3.067815 2.977319 3.051762 3.212954
27 bakerstreet 28.784591 29.75486 29.379132 32.175422 28.097997 27.744272 27.017574 26.275325 25.636684 24.605375
32 balham 14.30941 14.637993 14.178948 13.471439 12.05132 11.904117 11.459978 10.897161 11.549624 11.560006
34 bank 30.8980765 32.1311 28.7564855 26.1530335 24.442378 23.874975 23.9024705 21.747883 20.3277075 21.411932
37 barbican 11.827212 11.973122 11.283478 11.444738 10.464425 9.850562 9.228704 8.873092 9.261249 10.030975
40 barking 18.197474 15.86032 16.055212 15.592496 15.224058 14.514735 13.955938 13.719922 13.045782 11.676598
42 barkingside 1.620023 1.633262 1.406286 1.351966 1.241272 1.118756 1.156751 1.080144 0.975225 0.95274
44 baronscourt 7.119692 7.207423 7.295186 7.500664 7.155458 6.809659 6.53558 6.456132 6.349273 6.778341
47 bayswater 4.714236 4.756028 5.21959 5.691226 5.493688 5.541858 5.100938 5.519178 6.439576 5.982534
52 becontree 3.637924 3.54553 3.490288 3.395647 3.039868 2.837652 2.75953 2.493471 2.420863 2.547549
54 belsizepark 6.238483 6.482865 6.155599 5.927817 5.842725 5.806568 5.747717 6.168717 6.08064 6.144764
56 bermondsey 10.641495 11.068171 10.163683 9.379438 8.639504 7.999518 7.379858 6.603326 6.378067 6.654779
58 bethnalgreen 15.573304 16.27234 16.164737 16.076636 15.272389 15.055906 15.086509 15.059643 15.110104 14.272056
60 blackfriars 14.825714 15.449362 13.702647 13.142562 12.087967 9.282172 0 0 0 13.137897
62 blackhorseroad 8.999728 8.452553 8.360092 8.633193 7.8983 7.304059 6.468586 6.101764 5.679321 6.093247
28 bondstreet 38.802673 39.52865 37.119274 19.799777 39.648205 38.06515 36.022087 36.868627 36.850571 36.406455
69 borough 5.871328 5.873875 5.358351 5.309004 4.88756 4.840588 4.573373 5.088277 4.869438 4.140747
71 bostonmanor 2.285827 2.322687 2.242854 2.278211 2.077572 1.951651 1.887897 1.872411 1.934689 1.983961
73 boundsgreen 6.390179 6.61542 6.4623 6.564869 6.161808 5.738629 5.592642 5.302175 5.554259 5.777529
76 bowroad 5.657512 5.645547 6.102443 5.765573 5.601781 5.180394 5.081976 5.302929 5.083967 5.315977
78 brentcross 2.524773 2.493412 2.566618 2.400107 2.135435 2.125797 2.209328 2.137758 2.142167 2.190859
80 brixton 32.841962 33.460967 30.830921 29.373458 27.221964 24.823616 22.509606 21.276841 20.879541 20.927939
77 bromley-by-bow 3.750698 3.789045 3.68584 3.414885 3.210211 2.628177 2.750832 2.620645 2.406403 2.745801
88 buckhursthill 2.30455 2.188937 2.063838 2.061303 1.943928 1.910147 1.84969 1.794127 1.721626 1.597036
90 burntoak 4.488063 4.519973 4.383772 4.083381 3.614445 3.623525 3.787725 3.680047 3.643813 3.513361
94 caledonianroad 5.722818 5.725549 6.126683 6.003408 5.939278 5.250363 5.273722 5.091188 5.083008 4.932319
99 camdentown 22.505675 22.884901 21.898497 23.369124 22.515351 21.614759 20.9854 20.96221 19.673751 19.643233
57 canadawater 15.101314 14.438625 12.77743 11.814216 11.557722 10.724783 9.906521 9.009718 10.610907 11.428836
102 canarywharf 50.913578 54.785734 54.441424 51.809003 50.046631 48.043044 46.590009 41.526306 39.61644 43.509642
106 canningtown 13.280181 11.913321 10.916031 10.100164 9.784093 8.737992 8.710542 8.223551 7.834906 7.982681
109 cannonstreet 9.388205 8.983249 7.485065 5.299813 4.644524 4.08848 4.047494 3.947306 3.932511 4.540496
114 canonspark 3.074005 2.925484 2.786006 2.597229 2.378098 1.98336 1.815525 1.613367 1.646258 1.560563
16 chalfont&latimer 1.667683 1.488465 1.437534 1.47694 1.111515 1.267837 1.188207 1.095488 1.107806 1.19088
55 chalkfarm 5.891708 5.608603 5.752495 5.893313 5.550362 5.340369 4.937923 5.253384 5.393268 4.853951
118 chancerylane 17.481342 18.189655 16.355373 16.59209 16.523655 15.898206 16.035269 15.282247 14.788758 15.385542
120 charingcross 19.465727 8.126588 20.690327 21.301822 18.634461 18.524648 19.513237 21.394728 22.841977 23.392922
122 chesham 1.133596 1.069954 0.875261 0.813242 0.68984 0.652941 0.61712 0.464042 0.427435 0.44978
123 chigwell 0.498916 0.531799 0.559061 0.534259 0.520702 0.486629 0.459125 0.44076 0.39692 0.406177
5 chiswickpark 2.24649 2.292764 2.148469 2.394985 2.123339 2.096264 1.969078 1.925876 1.945744 2.047946
117 chorleywood 0.750026 1.070254 1.137678 1.056777 0.985762 1.008639 0.906215 0.85008 0.859496 0.863869
126 claphamcommon 10.485149 10.043328 10.072099 8.938345 8.938504 9.214447 9.055568 8.972239 8.974193 9.04911
130 claphamnorth 6.860362 6.903645 7.026138 6.66832 6.169702 5.822763 5.826772 5.654465 5.571082 5.849119
127 claphamsouth 8.64769 8.797066 8.584904 8.470361 7.584358 7.797633 7.817425 7.4809 7.533922 7.599107
312 cockfosters 1.934185 2.04008 1.847585 1.945096 1.969644 1.805737 1.721307 1.669304 1.674679 1.764804
91 colindale 7.140161 6.227278 5.946531 5.397362 4.536889 4.270547 4.126576 3.934526 4.09235 4.100077
132 collierswood 6.697001 6.715162 6.515664 6.312901 5.786354 5.681757 5.574812 5.56322 5.295083 5.481712
134 coventgarden 17.540949 17.188811 14.66925 15.382692 21.16535 21.292698 20.279268 19.60167 18.710061 17.512618
140 croxley 1.129125 1.078029 1.059406 1.030296 0.921058 0.891178 0.818349 0.781132 0.778399 0.749237
147 dagenhameast 2.996749 2.97644 2.858892 2.662063 2.418659 2.288282 2.222392 2.114481 2.161884 2.144847
53 dagenhamheathway 6.079088 6.04369 6.065247 5.800005 5.156354 4.912327 4.710937 4.20457 4.23921 4.081804
151 debden 2.46621 2.469953 2.4625 2.476133 2.298091 2.198209 2.121108 2.022055 1.895992 1.761946
157 dollishill 4.257616 4.180094 3.085602 3.079019 3.23181 3.181564 3.076494 3.000811 3.292754 3.658275
159 ealingbroadway 16.794723 18.604788 16.840132 17.380138 16.640278 16.089675 16.091415 16.512739 16.621251 17.86499
160 ealingcommon 3.193655 3.177674 3.516563 3.569884 3.340949 3.235644 3.248444 3.202138 3.1941 3.396396
45 earlscourt 19.990972 19.998114 20.501361 22.005021 21.266746 21.026733 20.965776 21.205003 19.693008 20.4258
163 eastacton 4.079654 4.122793 4.009433 4.016859 3.881384 3.473199 3.408355 3.410281 3.51432 3.898147
165 eastcote 3.007893 2.943186 2.833742 2.75817 2.628771 2.517541 2.432119 2.347552 2.412104 2.456081
168 eastfinchley 7.312275 7.470306 7.342555 7.323942 6.558418 6.304646 6.291627 6.231882 5.828206 5.94642
170 eastham 14.695682 14.746847 15.094316 14.816407 13.581725 13.312177 13.365416 13.11818 12.680742 12.670617
171 eastputney 6.183244 6.36931 5.99512 6.140774 5.652154 5.331607 4.930995 4.92457 5.608638 5.806866
173 edgware 5.282356 5.188838 4.776513 4.585383 4.090187 4.083055 4.372808 4.394459 4.334651 3.716011
174 edgwareroad(bakerlooline) 4.623646 5.006662 4.503184 4.261079 0 4.425113 4.062214 3.893325 3.788217 3.702217
29 edgwareroad(circleline) 7.148956 6.963367 7.210074 7.330752 8.194415 6.311978 5.937083 5.885942 6.800343 6.039515
313 edgwareroad(districtline) 0 0 0 0 0 0 0 0 0 0
70 elephant&castle 22.102168 23.295457 19.088917 18.482055 17.674326 17.959946 17.71737 18.226123 18.325234 18.536376
148 elmpark 3.275938 3.096321 3.004341 2.992367 2.628329 2.493005 2.443469 2.333965 2.389794 2.395057
121 embankment 22.130101 26.844711 21.562479 19.661756 20.151962 19.884719 19.789934 20.2133 19.829894 20.847113
357 epping 3.973043 3.770408 3.330335 3.071273 3.144293 3.029117 3.095119 2.864072 2.78038 2.480435
100 euston 43.073653 43.099154 42.159332 41.331265 38.026531 37.526909 35.324569 33.573987 31.123724 28.125051
184 eustonsquare 14.127298 14.395409 14.878866 14.32844 12.358617 11.35879 10.885783 10.030805 10.709239 10.584757
43 fairlop 1.240554 1.197309 1.134269 1.088742 0.966835 0.90625 0.922346 0.843647 0.826818 0.803974
38 farringdon 20.136285 15.874802 23.775738 23.628728 21.764657 20.402371 19.024321 16.812389 15.674901 18.835943
186 finchleycentral 7.200996 6.949909 5.779925 5.676484 5.332385 5.5071 5.494164 5.312454 5.11931 5.053947
187 finchleyroad 9.627914 9.9984 9.951123 10.061287 9.8988 9.366745 8.976869 8.84655 9.308551 10.177917
26 finsburypark 31.224849 32.738968 28.847088 27.995495 27.072271 26.036007 24.288678 23.461314 23.213512 26.299025
195 fulhambroadway 9.63034 10.153787 10.714422 10.766495 9.944627 9.495761 9.562872 9.301691 9.675655 9.634101
198 gantshill 6.831034 7.143148 6.588251 6.560896 5.986579 5.5941 5.477918 5.06442 5.257959 4.69261
161 gloucesterroad 13.836495 13.97504 14.203922 11.963929 14.912967 14.193918 14.162419 14.48462 13.734309 13.523413
79 goldersgreen 8.410556 8.511338 8.700123 8.250104 7.397006 7.635532 7.810571 7.968265 7.897576 7.669104
202 goldhawkroad 2.140068 2.12364 2.088026 2.09514 1.793796 1.720631 1.60411 1.491855 1.57849 1.766816
205 goodgestreet 7.524287 8.463593 8.841266 8.378694 8.229689 8.613806 10.616578 9.033065 8.698646 8.493547
210 grangehill 0.669495 0.663262 0.657661 0.600016 0.562391 0.538851 0.488191 0.488583 0.441456 0.456222
30 greatportlandstreet 8.081276 8.657946 8.343311 8.427474 7.57796 7.358443 7.166285 6.792179 6.884487 6.958828
211 greenford 4.680897 4.80685 4.716521 4.629465 4.346343 4.053459 3.947974 3.666996 3.494518 3.533585
67 greenpark 39.338161 41.241175 39.552887 39.830418 35.459916 33.987599 31.724096 29.365627 28.258541 29.618755
215 gunnersbury 5.705314 5.784841 5.410585 5.411649 4.553739 4.643672 4.393537 3.932489 3.825968 3.670975
185 hainault 3.803823 3.738019 3.607791 3.481574 3.146946 2.861768 2.949499 2.694964 2.525353 2.379573
221 hammersmith(dist&piccline) 29.305709 29.417701 28.834401 29.261687 29.286237 28.647767 28.941207 27.883056 27.434766 28.984656
203 hammersmith(h&cline) 10.847256 10.56765 10.703965 9.719084 8.957266 8.637578 8.88927 8.676867 8.599958 9.173882
201 hampstead 4.833471 4.637096 4.557566 4.364454 4.285503 4.377572 4.313065 4.506235 4.73174 4.533549
222 hangerlane 3.892732 4.095538 3.949461 3.843017 3.629301 3.453605 3.362341 3.234191 3.150901 2.922462
224 harlesden 3.203123 3.099292 3.007807 2.773017 2.603902 2.42555 2.280123 2.04784 2.23009 2.242642
227 harrow&wealdstone 4.833762 4.963518 5.002877 4.512161 4.659489 4.452893 4.468738 4.279192 3.892857 4.306316
230 harrow-on-the-hill 10.964049 10.665325 10.259516 9.868855 9.205889 8.847439 8.749578 8.490159 8.591134 9.359403
234 hattoncross 3.207508 3.248674 3.199955 3.223047 3.076485 2.959643 2.929341 2.801153 2.715123 2.744396
235 heathrowterminal4 2.289531 2.278746 2.347501 7.655649 2.427793 2.436725 2.459358 2.142085 1.767759 1.173324
238 heathrowterminal5 4.534733 4.452155 3.902026 2.125674 4.047773 3.639976 3.211111 3.143925 2.982239 3.138596
237 heathrowterminals123 7.813005 7.731054 7.489313 4.222451 8.143722 7.796187 7.720762 7.955415 8.269094 8.093307
131 hendoncentral 7.804221 8.130263 7.970028 7.404483 6.843039 6.825826 7.014001 6.259561 6.076148 5.914764
240 highbarnet 4.26394 3.647152 3.648827 3.234777 2.796356 2.876354 3.141483 2.858999 2.731024 2.729056
97 highbury&islington 20.09182 20.222247 18.443978 18.283137 18.134071 16.770439 16.258236 13.935961 14.327026 13.726413
169 highgate 5.873629 5.769258 5.482772 5.042899 4.637186 4.759258 4.980182 4.984884 4.967615 4.851078
162 highstreetkensington 12.762568 13.1032 13.36254 13.784783 13.45877 12.898984 11.994054 12.014816 12.522052 13.264423
242 hillingdon 1.81292 1.772004 1.856117 1.798747 1.634164 1.482669 1.400024 1.299003 1.333287 1.388554
135 holborn 32.538456 33.956572 40.530196 36.315818 34.022691 31.506714 31.981518 31.263127 30.098285 30.184057
246 hollandpark 3.633574 3.225381 3.366174 3.161254 3.393821 3.318275 3.369348 3.386341 3.504855 3.881522
95 hollowayroad 6.786382 6.719981 6.728651 6.662884 7.146236 7.182872 8.049972 7.703412 7.672303 7.672912
177 hornchurch 2.240897 2.108498 2.023958 2.145267 1.988632 2.001895 1.977139 1.932145 1.948563 1.957187
248 hounslowcentral 3.947268 3.825932 4.010773 4.009715 3.929167 3.782288 3.904224 3.940066 3.798709 3.629728
249 hounsloweast 4.04493 3.870493 4.515142 4.666573 4.34098 4.170686 4.269133 4.224896 4.02215 3.859951
236 hounslowwest 3.521328 3.545471 3.545552 3.610222 3.337658 3.241375 3.179685 3.19533 3.101392 2.951171
252 hydeparkcorner 5.538477 6.310733 7.436827 5.836879 5.8027855 5.785461 6.069371 5.86567 6.189372 6.42174
243 ickenham 1.174767 1.166906 1.190362 1.155563 1.073393 1.055454 0.982403 0.96008 1.008689 1.028714
176 kennington 5.579359 5.592864 5.529121 4.958303 4.679885 4.5877 4.515496 4.316946 4.125256 4.181238
258 kensalgreen 2.694458 2.724536 2.563193 2.279364 2.562212 2.540968 2.319179 2.325176 2.185069 2.630829
261 kensington(olympia) 2.013231 2.047039 2.008711 1.947507 1.876505 1.795637 1.737833 1.286366 1.274996 1.315876
262 kentishtown 8.350575 8.358081 10.493555 7.719158 6.44958 7.584083 7.21461 7.443081 7.278897 7.098142
229 kenton 2.06978 2.078584 2.116417 1.957589 2.017375 1.97268 1.9421 1.824917 1.676705 1.471735
264 kewgardens 4.372539 4.176827 3.549683 3.561549 3.522717 3.239675 3.131336 3.340697 3.224467 3.16832
265 kilburn 8.622103 8.582187 8.269438 7.865471 7.790047 7.686365 7.521454 7.198815 7.852189 8.557713
267 kilburnpark 3.366554 3.428178 3.417148 3.381792 3.480874 3.450656 3.455765 3.785729 4.068411 3.622475
271 kingsbury 5.222483 5.12253 4.968747 4.586917 4.117979 3.734715 3.442077 3.106205 3.333201 3.324353
181 kingscrossstpancras 97.918279 95.030793 93.413018 91.984534 84.8668228005952 80.970688 77.11035 72.576764 66.152528 67.067757
273 knightsbridge 17.207249 19.086044 20.296928 21.471485 21.469435 21.566053 20.699238 20.197731 20.162113 19.641276
274 ladbrokegrove 5.954918 5.801892 5.813508 6.077566 5.665472 5.299764 5.089394 5.229544 5.121354 5.438843
277 lambethnorth 3.53279 0 3.285854 3.571716 3.023974 3.309893 3.497701 3.55451 3.310333 3.199398
278 lancastergate 6.243768 7.060983 6.293475 6.551701 6.7946 6.698842 6.677557 6.524718 6.481688 5.97288
275 latimerroad 2.461652 2.627529 2.572535 2.38974 2.192582 1.910797 1.702701 2.000092 1.978312 2.147222
281 leicestersquare 36.730405 37.843681 43.745951 43.314547 38.5967 38.51208 38.779688 36.938061 35.555594 33.868259
282 leyton 13.470556 14.331098 14.406501 14.067249 13.531459 12.856223 13.289406 12.563244 12.345039 12.646743
283 leytonstone 10.995907 11.300919 11.244737 11.054539 10.379073 10.102833 10.452827 9.794737 9.699503 9.855499
8 liverpoolstreet 67.740193 71.614231 73.257321 73.661457 67.893591 64.2347 63.645304 62.721399 60.907538 64.16195
35 londonbridge 69.050668 70.735683 71.964428 74.976665 69.884482 67.15518 65.444278 60.787026 61.494909 60.551773
89 loughton 3.583861 3.448907 3.272688 3.255416 3.166344 3.01677 2.999623 2.764862 2.672388 2.663002
268 maidavale 3.286879 3.409091 3.382758 3.448597 3.347805 3.150688 2.993997 3.068287 3.161346 3.21225
191 manorhouse 8.688099 9.122653 9.275642 9.392025 9.259062 9.234179 9.214029 8.83327 8.830283 8.650838
61 mansionhouse 6.405554 6.136459 5.561213 6.195631 5.769586 5.645557 7.416215 7.199238 7.034245 5.32022
279 marblearch 14.001823 14.108617 15.442682 16.106113 16.361603 15.685686 16.873081 17.794335 16.61913 16.299988
175 marylebone 13.698392 12.948293 12.525312 13.295479 13.3983 12.111551 11.40105 11.39498 11.730105 11.381962
59 mileend 15.749656 15.746922 16.310716 15.596293 14.370438 14.057083 14.014809 13.230676 13.522044 13.302852
294 millhilleast 1.384549 1.340993 1.318158 1.286493 1.16533 1.104434 1.090284 1.047214 1.042902 1.002002
110 monument 30.8980765 32.1311 28.7564855 26.1530335 24.442378 23.874975 23.9024705 21.747883 20.3277075 21.411932
39 moorgate 26.869763 27.565959 26.06263 25.895151 21.3812492496 20.594422 21.227293 21.038801 21.182382 22.222955
296 moorpark 0.937946 0.914852 0.88639 0.88642 0.824391 0.814953 0.824464 0.781118 0.771167 0.756467
344 morden 10.408689 10.056185 9.275569 8.617393 7.696341 7.276884 7.195083 6.756228 6.981638 6.650982
101 morningtoncrescent 5.083032 5.039573 4.531089 4.756065 4.651775 4.550432 4.302147 4.670839 4.479064 4.289579
298 neasden 3.843843 3.749439 3.67247 3.4139 3.107451 2.914263 2.701449 2.6585 2.853674 2.991282
199 newburypark 5.526725 5.429546 4.327727 4.61901 4.395879 3.929 3.918391 3.845309 3.929789 3.5925
223 northacton 6.788624 6.530887 6.106253 5.678995 5.465012 5.199834 4.641664 4.811151 4.716127 5.102093
300 northealing 0.827387 0.905402 0.892594 0.894137 0.860944 0.898266 0.936906 0.877995 0.936369 0.916956
72 northfields 3.988218 3.913283 4.080122 4.210924 4.102498 3.976939 3.78929 3.826102 3.924262 4.056418
105 northgreenwich 28.148668 26.452132 26.377071 24.272586 22.398063 24.171152 15.700824 17.728629 18.10346 17.761816
302 northharrow 1.922309 1.968198 1.937838 1.816014 1.685908 1.540858 1.423481 1.412851 1.4491 1.480192
303 northolt 5.180144 5.157171 5.026 4.992642 4.611479 4.41771 4.279014 4.054942 3.736606 3.515942
304 northwembley 1.774038 1.791287 1.836732 1.660434 1.647314 1.643799 1.572627 1.396982 1.467339 1.399678
231 northwickpark 4.52341 4.651799 4.588128 4.440388 3.946956 3.790022 3.57798 3.478437 3.616612 3.736299
297 northwood 3.037028 2.488831 2.475743 2.462889 2.280491 2.182311 1.971642 1.900165 1.933813 1.935448
307 northwoodhills 2.013001 1.910904 1.720439 1.629043 1.483623 1.409847 1.294249 1.252358 1.315818 1.378044
48 nottinghillgate 16.342143 17.184657 16.683962 17.400155 17.394388 17.277512 17.355461 17.876742 17.364829 16.853354
311 oakwood 2.890857 2.875067 2.842657 2.935164 2.785115 2.413451 2.740918 2.898027 2.914899 2.840198
20 oldstreet 26.382078 25.96655 25.14351 23.27652 21.855888 21.880078 21.039484 20.051825 19.60752 19.243903
250 osterley 2.191283 2.315575 2.350196 2.458246 2.317893 2.189757 2.14582 2.031966 2.063962 2.058633
257 oval 7.356993 6.447853 6.968322 6.397929 5.911952 6.109161 5.84619 5.63442 5.791736 5.921214
68 oxfordcircus 84.090585 83.258977 92.355623 98.51163 85.246928 80.551504 77.092776 70.122354 72.719762 72.914886
49 paddington 48.82251 49.480436 49.637302 49.283385 49.710749 46.325618 46.478735 43.995091 42.024813 40.703979
315 paddington(h&cline) 0 0 0 0 0 0 0 0 0 0
14 parkroyal 2.024318 2.015314 2.019382 1.976904 1.643912 1.575786 1.583 1.684245 1.625925 1.592807
316 parsonsgreen 6.760726 6.746851 6.822161 6.799064 6.452463 6.187009 5.944855 5.690881 5.449662 5.126408
212 perivale 2.511378 2.460144 2.405584 2.337555 2.243955 2.16479 2.080788 2.038525 2.030902 2.090825
213 piccadillycircus 40.820299 41.291525 42.796831 42.932327 41.703911 42.357331 40.583552 39.675335 38.567356 38.853181
319 pimlico 10.971039 11.485039 11.264698 11.419311 10.212959 9.90738 8.78854 8.236498 8.391929 8.411898
308 pinner 3.425318 3.198703 3.084213 2.837149 2.606534 2.470413 2.303547 2.198745 2.258335 2.309129
321 plaistow 6.128691 5.490616 7.063495 6.786121 6.246718 6.288553 6.342063 6.137394 6.164459 6.307995
306 prestonroad 3.627298 3.308379 3.427709 3.474593 3.154183 2.972873 2.960512 2.85909 2.949387 3.099533
172 putneybridge 5.384507 5.416663 5.75691 5.932349 5.923504 5.598383 5.331762 5.431014 5.647761 5.506224
115 queensbury 4.645218 4.675024 4.525278 4.195103 3.853332 3.372174 3.175666 2.981736 3.193258 3.206121
259 queenspark 5.650175 5.636721 5.771615 5.84412 5.578067 5.409388 5.529385 5.206741 5.285885 5.662713
310 queensway 8.52397 8.707156 7.656619 7.588751 8.575808 8.555667 8.859128 9.330912 8.479415 8.477115
328 ravenscourtpark 3.212253 3.178278 3.189008 2.907957 2.76742 2.754691 2.647871 2.520547 2.502619 2.622796
166 raynerslane 4.32406 4.460978 4.512905 4.371243 4.081729 3.951952 3.979751 3.867839 3.914047 3.849473
330 redbridge 2.942241 3.054243 2.934539 2.908558 2.672035 2.566293 2.633085 2.605947 2.555355 2.358917
31 regentspark 3.611762 3.346006 3.541481 3.711179 3.794744 3.779666 3.777683 3.711215 3.272235 3.343794
331 richmond 8.330548 8.112159 8.661325 8.448615 7.953442 7.557331 7.473874 7.154951 7.600506 7.299694
125 rickmansworth 2.707446 2.455761 2.442771 2.419354 2.243984 2.166361 2.029002 1.906873 1.903653 1.903296
124 rodingvalley 0.368413 0.367335 0.260651 0.255057 0.235697 0.224256 0.220319 0.212842 0.208714 0.206752
314 royaloak 2.618054 2.545583 2.491199 2.703935 2.431149 2.220528 2.045798 1.852023 1.765194 1.826926
253 ruislip 1.986527 1.94897 1.903105 1.895875 1.713378 1.619948 1.573058 1.53246 1.582373 1.591374
334 ruislipgardens 1.160819 1.072221 1.112623 1.08414 1.003184 0.989402 1.002292 0.977597 0.958083 0.875326
167 ruislipmanor 2.038493 1.993852 2.005867 1.975295 1.7744 1.69152 1.59975 1.568684 1.560302 1.551889
245 russellsquare 11.449159 12.345236 13.328942 13.076625 12.951499 13.436431 14.72833 14.182721 14.045262 13.59356
192 sevensisters 18.328023 18.605749 17.522713 15.968957 14.46444 13.251478 12.527651 12.431276 12.38466 13.337507
338 shepherdsbush 22.617667 22.848359 22.257246 22.869844 22.872181 21.896486 21.594508 21.707878 18.962171 20.725029
204 shepherdsbushmarket 3.726903 3.569302 3.41259 3.66277 3.438569 3.257388 2.999644 2.874893 2.959686 3.583638
339 sloanesquare 17.229373 17.147936 17.197513 16.761977 16.56026 16.51004 14.940194 14.7427 14.41746 14.792555
286 snaresbrook 2.926192 2.694225 2.674477 2.781855 2.588391 2.540095 2.597942 2.42461 2.432618 2.224189
301 southealing 3.664179 3.617189 3.699819 3.70036 3.476673 3.313275 3.324302 3.307943 3.341679 3.356787
341 southfields 6.033479 6.275587 6.173897 6.13411 5.789944 5.576358 5.256987 5.213264 5.511411 5.630768
24 southgate 5.588195 5.647834 5.555527 5.633661 5.386357 4.875798 4.912117 4.905097 4.95976 5.052796
329 southharrow 2.218089 2.484237 2.583973 2.503648 2.287706 2.262264 2.279634 2.39603 2.272054 2.188549
200 southkensington 33.860299 33.603151 33.869744 36.461844 32.751295 32.49551 30.608404 29.776473 28.242853 28.482536
263 southkenton 1.205537 1.170483 0.957195 1.102908 1.022501 0.970928 0.95788 0.918728 0.853173 0.821139
335 southruislip 2.024672 1.758094 1.718085 1.760835 1.766082 1.705535 1.756903 1.679673 1.607383 1.611823
343 southwark 16.706959 17.861867 17.937654 14.145874 13.457338 11.977082 11.066974 10.444575 10.033484 9.663065
133 southwimbledon 4.872696 4.759428 4.57044 4.280132 3.788099 3.704405 3.750495 3.596638 3.800395 3.679883
340 southwoodford 5.278035 5.247294 5.148679 5.03135 4.590459 4.329645 4.394 3.979196 4.093424 3.836957
345 stamfordbrook 2.691476 2.700007 2.695977 2.672587 2.664997 2.628332 2.52256 2.495712 2.433403 2.641311
346 stanmore 3.917004 4.040589 3.973686 3.891298 3.542897 3.364355 3.021276 2.680914 2.781462 2.779443
348 stepneygreen 6.34114 6.411775 5.846372 5.427571 5.002409 4.678837 4.377706 4.128661 4.13789 4.400095
349 stjamesspark 14.289988 14.934536 15.698186 15.730145 14.726104 14.261759 13.496515 13.300266 13.424654 13.189508
350 stjohnswood 7.794856 7.791962 7.879484 7.61757 7.269493 7.067985 6.741698 6.371793 6.523142 6.660483
81 stockwell 11.697143 11.423478 11.082161 10.520406 9.424813 8.871894 8.331776 8.044986 7.866633 8.361505
225 stonebridgepark 2.535832 2.530036 2.67489 2.610664 2.544366 2.482229 2.5907 2.365091 2.39588 2.127817
119 stpauls 17.204583 18.422362 17.371372 17.538974 16.439099 15.048402 17.084479 16.155148 14.154562 12.945684
219 stratford 61.990418 67.04727 61.44263 59.30832 54.503326 50.962909 48.5713 29.819454 26.98973 27.231042
342 sudburyhill 1.883774 1.976543 2.217946 2.211298 2.007949 2.032858 2.006325 1.959018 2.008126 2.112878
354 sudburytown 1.808387 1.996547 2.179203 2.103309 1.979322 2.009717 2.05591 2.116902 2.16086 2.243667
188 swisscottage 7.759319 7.578603 7.71083 7.282024 7.834077 7.526301 6.906412 6.203295 6.649182 7.061453
179 temple 8.946533 8.22397 8.595799 8.135916 7.922122 7.823576 9.991846 9.398053 9.641579 6.774893
152 theydonbois 0.953663 0.850065 0.854702 0.849834 0.823919 0.746456 0.739823 0.661956 0.673868 0.652426
33 tootingbec 8.071822 7.922887 7.933544 7.557957 6.901892 6.859327 6.560405 6.299985 6.427816 6.993579
358 tootingbroadway 16.207071 15.922071 15.737978 15.114746 13.505007 13.228547 13.039799 12.868034 12.975326 12.996852
206 tottenhamcourtroad 41.334148 39.346254 16.2498 36.762272 38.063296 36.013489 23.990548 34.548887 34.869429 36.573797
336 tottenhamhale 12.470088 13.213806 11.954313 11.911123 10.320809 9.799795 8.858713 8.313977 7.752717 8.347791
241 totteridge&whetstone 2.53789 2.232086 2.33448 2.241508 1.95073 1.918954 1.977578 1.85661 1.777409 1.806376
295 towerhill 21.032731 21.834402 22.176713 26.323869 23.414868 22.537607 21.580404 21.793837 21.613184 20.305884
22 tufnellpark 4.112231 3.707186 0 3.939313 3.939656 3.67652 3.545044 3.750115 3.695568 3.345611
6 turnhamgreen 6.155229 5.650263 6.445923 6.459118 6.195486 6.029833 5.834401 5.895915 5.854068 5.990843
293 turnpikelane 10.738451 10.857089 10.790301 10.768249 10.291376 9.597394 9.800632 9.389335 9.619114 9.874142
362 upminster 5.51906 5.339344 5.140645 5.156093 4.95976 4.731061 4.556074 4.433265 4.426556 4.393141
247 upminsterbridge 1.14538 1.159376 1.146772 1.142293 1.10376 1.098183 0.988524 0.888847 0.86515 0.934057
41 upney 2.698064 2.719998 2.684747 2.529793 2.296702 2.126671 2.10819 1.890002 1.874111 1.836609
322 uptonpark 9.593829 10.14162 11.413623 11.41445 10.480206 10.303814 11.014585 10.553113 10.359133 9.591732
244 uxbridge 8.383423 8.452417 8.341531 8.074587 7.58743 7.176636 6.910995 6.707349 6.753063 6.932257
351 vauxhall 30.833904 32.234468 26.834959 27.509234 25.146161 22.842369 20.871679 19.296305 18.301845 18.557905
320 victoria 79.35934 83.501204 82.88556 86.730599 84.582132 82.955798 82.24555 79.925297 77.443767 78.405628
63 walthamstowcentral 9.594531 22.766326 18.333582 18.052543 16.681073 15.089008 14.316624 13.752261 13.436697 14.16198
287 wanstead 2.953396 2.960642 2.90356 3.089871 2.732853 2.560452 2.571087 2.37548 2.200028 2.263703
183 warrenstreet 20.110864 20.346625 19.917362 19.405419 17.596565 16.513849 15.69144 13.601582 14.042137 14.384031
292 warwickavenue 4.268538 4.50626 4.501822 4.508957 4.622339 4.309332 4.304437 4.309735 4.230504 4.256549
180 waterloo 91.270641 100.362256 95.138374 91.491846 89.398131 88.158546 84.122881 81.574061 75.939796 77.202884
141 watford 1.858452 1.836559 1.845823 1.756514 1.655119 1.602068 1.572122 1.480796 1.503697 1.62473
305 wembleycentral 5.927183 5.769748 5.789849 5.52462 4.592227 5.175356 4.562798 4.36969 4.227669 3.503931
272 wembleypark 16.583596 15.103629 14.542576 14.108508 11.735107 10.601914 9.661884 9.016104 9.317709 10.746151
299 westacton 1.717498 1.820883 1.736847 1.665631 1.692583 1.579949 1.617609 1.575369 1.585885 1.654921
276 westbournepark 4.133956 3.978228 3.79496 3.727735 3.734232 3.366135 3.033426 2.73415 2.898876 3.108357
196 westbrompton 5.877152 6.098173 5.168452 4.470979 4.610447 4.537945 4.245504 4.167686 3.715284 3.714007
365 westfinchley 1.685284 1.665191 1.613941 1.536049 1.370913 1.365343 1.374749 1.288475 1.185327 1.222994
1 westham 4.407093 3.459634 3.814553 3.508528 3.400895 3.271149 3.418641 3.389493 3.123231 3.054994
86 westhampstead 11.798391 11.039789 11.160117 10.590656 10.159492 9.713151 8.234838 7.452098 7.448967 7.364953
232 westharrow 1.52755 1.489512 1.329655 1.201513 1.130886 1.103804 1.075039 1.095312 1.199979 1.186894
46 westkensington 5.232614 5.060671 5.321523 5.13572 5.040507 4.948504 4.636878 4.528704 4.550984 4.720808
214 westminster 25.595405 28.378426 25.614455 26.032437 23.501317 22.085605 20.776511 20.148033 19.080395 19.048245
366 westruislip 1.718555 1.666851 1.564634 1.558431 1.600225 1.611784 1.640785 1.677926 1.495509 1.299211
10 whitechapel 13.803686 14.369235 11.702345 12.890831 14.448854 13.038867 12.622636 12.694694 12.144523 11.549795
164 whitecity 8.836322 8.953281 7.704418 7.514462 7.221772 7.525342 7.738266 8.025485 7.852459 9.325579
158 willesdengreen 8.799173 8.972604 8.960771 8.819034 8.560802 8.226925 7.811402 7.151021 7.33609 8.140465
3 willesdenjunction 4.680628 4.728227 4.597796 4.503851 4.170593 3.986948 3.919012 3.897197 3.832266 3.498314
367 wimbledon 12.613787 13.395119 15.631389 15.298628 14.195582 11.953067 11.748798 11.67276 11.468852 15.062078
368 wimbledonpark 2.184663 1.893927 1.821025 1.807402 2.128289 2.10881 1.996939 2.00046 2.125523 2.084037
332 woodford 5.978701 5.692577 6.034086 5.870341 5.585475 4.859871 4.894656 4.454295 4.47721 4.348624
361 woodgreen 12.889415 13.20413 13.18919 13.352231 12.4425 11.53374 11.347719 10.934845 10.839539 10.888104
280 woodlane 3.995888 3.678778 3.698414 3.982886 3.444011 3.651658 3.43787 3.349472 3.099767 3.820056
359 woodsidepark 3.543131 2.869951 2.816775 2.646926 2.633565 2.660242 2.685672 2.542957 2.310474 2.308025
